391638
631944
194879
339058
250240
338865
786285
262554
617394
142908
503643
191715
269669
221437
200319
416385
482246
485351
189552
357365
705254
896019
402935
658587
566202
322606
423210
165415
476748
803720
815305
482054
535666
623852
434780
399574
862717
321067
275796
580112
877642
679439
385495
247312
514544
199483
277366
896790
298502
366918
867824
103757
876606
370760
662345
542809
307034
699223
608224
397450
602944
523530
779505
238611
761051
827953
251853
723769
762688
427649
117551
454000
720756
403046
601312
335302
216197
492346
845760
414700
472933
527253
418457
449540
798013
694470
606017
205049
493694
314242
502499
196640
451440
895672
848918
312492
537295
200773
649930
399984
242090
381149
753984
862847
397863
168966
811817
514061
274980
471246
828761
361581
898500
860886
424789
510182
655358
130807
328899
249053
858716
445067
859360
410158
440740
808280
336318
591703
622721
599916
605356
478479
881065
173009
154995
378930
755642
866812
506659
130624
151728
435421
105873
150229
109976
430663
560411
665334
461470
789311
528056
420188
848046
201085
444014
102455
623033
394000
594159
345755
893917
299516
437903
588651
372525
492898
867581
741836
459712
187909
772460
225108
236998
778333
275337
246975
822664
449416
812309
384136
852395
154034
417992
800442
255120
475674
802898
778153
769674
497058
737577
763592
410242
275481
165913
396435
668379
133495
238272
741759
039809
038377
083842
076885
028934
065216
022127
054664
021994
046471
049080
076014
010887
072837
084962
073800
050384
092712
061062
025778
903293
909482
900739
927587
991657
967317
932951
970571
913079
982510
927948
947765
915765
906668
919528
939576
966762
941656
994241
983633